layers:
  - name: elevation
    min: -0.429566383
    max: 19.66609
resolution: 1
length: [147, 115]
position: [9.33367919921875, -7.3304023742675781]