layers:
  - name: elevation
    min: -4.89976788
    max: 20.7377739
resolution: 1
length: [146, 115]
position: [9.3586807250976562, -7.3229293823242188]